(SEQ0000048:0.00447,(SEQ0000023:-0.00007,(SEQ0000059:-0.00003,
(SEQ0000035:-0.00002,(SEQ0000067:-0.00001,(SEQ0000045:-0.00000,
(SEQ0000098:-0.00000,(SEQ0000109:-0.00000,(SEQ0000107:-0.00000,
(SEQ0000114:-0.00000,((((((SEQ0000016:0.11705,SEQ0000058:0.08731):0.06084,
(((((((((((SEQ0000008:-0.00022,(SEQ0000071:0.00087,SEQ0000133:0.00348):0.00131):0.00011,
SEQ0000052:-0.00011):0.00006,SEQ0000041:-0.00006):0.00003,
SEQ0000064:-0.00003):0.00001,SEQ0000121:-0.00001):0.00234,
SEQ0000073:-0.00017):0.00009,SEQ0000054:-0.00009):0.00004,
SEQ0000093:-0.00004):0.00002,SEQ0000104:-0.00002):0.00001,
SEQ0000124:-0.00001):0.00778,(((SEQ0000066:-0.00011,SEQ0000092:0.00011):0.00006,
SEQ0000038:-0.00006):0.00003,SEQ0000097:-0.00003):0.00315):0.00493):0.01015,
(((((((SEQ0000013:0.00000,SEQ0000037:0.00000):0.00000,SEQ0000079:0.00000):0.00000,
SEQ0000055:0.00000):0.00000,SEQ0000131:0.00000):0.00000,
SEQ0000132:0.00000):0.00000,SEQ0000096:0.00000):0.00156,
(((SEQ0000018:0.00000,SEQ0000057:0.00000):0.00000,SEQ0000080:0.00000):0.00000,
SEQ0000081:0.00000):0.00937):0.01530):0.03897,(((SEQ0000027:0.03188,
SEQ0000083:-0.00180):0.04973,(SEQ0000044:0.00000,SEQ0000115:0.00000):0.15614):0.06009,
((((SEQ0000004:0.00350,SEQ0000117:0.00345):0.06025,(SEQ0000007:0.00000,
SEQ0000088:0.00000):0.04334):0.01285,(((((((((SEQ0000010:-0.00032,
SEQ0000051:0.00262):0.00016,SEQ0000091:-0.00016):0.00008,
SEQ0000129:-0.00008):0.00004,SEQ0000095:-0.00004):0.00270,
SEQ0000084:-0.00039):0.00020,SEQ0000053:-0.00020):0.00116,
((SEQ0000043:-0.00011,(SEQ0000011:0.00000,SEQ0000112:0.00000):0.00473):0.00006,
SEQ0000111:-0.00006):0.00115):0.00309,SEQ0000036:0.01090):0.00729,
SEQ0000030:0.14372):0.00764):0.02500,(((SEQ0000020:-0.00059,
SEQ0000029:0.00523):0.00030,SEQ0000082:-0.00030):0.00015,
SEQ0000033:-0.00015):0.04474):0.03780):0.08877):0.02377,((SEQ0000031:0.00336,
SEQ0000119:0.00315):0.01397,((((SEQ0000108:0.00000,SEQ0000068:0.00000):0.00013,
SEQ0000075:0.01295):0.00212,((SEQ0000090:0.00000,SEQ0000100:0.00000):0.00001,
SEQ0000028:-0.00001):0.00007):0.00291,((SEQ0000005:0.03810,
SEQ0000074:-0.00037):0.01116,((SEQ0000086:-0.00000,((((SEQ0000130:0.00000,
SEQ0000122:0.00000):0.00000,SEQ0000125:0.00000):0.00000,
SEQ0000123:0.00000):0.00000,SEQ0000006:0.00000):0.00000):0.00104,
(SEQ0000085:-0.00023,(SEQ0000070:-0.00000,(((((((SEQ0000009:-0.00002,
((((SEQ0000021:0.02220,(SEQ0000065:0.16519,SEQ0000024:0.02655):0.00559):0.00918,
((SEQ0000046:0.00181,SEQ0000022:0.00252):0.00133,SEQ0000061:0.00301):0.00307):0.00646,
SEQ0000072:0.00677):0.00190,SEQ0000077:-0.00004):0.00002):0.00001,
SEQ0000039:-0.00001):0.00001,SEQ0000014:-0.00001):0.00000,
SEQ0000069:-0.00000):0.00000,SEQ0000076:-0.00000):0.00000,
SEQ0000017:-0.00000):0.00000,(SEQ0000063:-0.00000,(SEQ0000025:-0.00000,
(SEQ0000026:-0.00000,(SEQ0000040:-0.00000,(SEQ0000049:-0.00000,
(SEQ0000089:0.00000,((((((((SEQ0000106:0.00000,SEQ0000087:0.00000):0.00000,
SEQ0000113:0.00000):0.00000,SEQ0000116:0.00000):0.00000,
SEQ0000120:0.00000):0.00000,SEQ0000110:0.00000):0.00000,
SEQ0000128:0.00000):0.00000,SEQ0000101:0.00000):0.00000,
(SEQ0000127:0.00000,((SEQ0000012:0.00000,SEQ0000042:0.00000):0.00000,
SEQ0000034:0.00000):0.00000):0.00000):0.00000):0.00000):0.00000):0.00000):0.00000):0.00000):0.00000):0.00000):0.00023):0.00090):0.00081):0.00645):0.00719):0.02786):0.00990,
(((((((SEQ0000002:0.00000,SEQ0000062:0.00000):0.00000,SEQ0000056:0.00000):0.00000,
SEQ0000102:0.00000):0.00067,((SEQ0000015:0.03439,SEQ0000047:0.03116):0.01849,
SEQ0000094:-0.00085):0.00158):0.02312,(SEQ0000078:0.00078,
SEQ0000126:0.00139):0.02475):0.00888,((((SEQ0000103:0.00000,
SEQ0000105:0.00000):0.00000,SEQ0000050:0.00000):0.00312,
SEQ0000003:0.08888):0.02611,(SEQ0000032:0.00000,SEQ0000099:0.00000):0.04109):0.00681):0.01377,
(SEQ0000019:0.03124,(SEQ0000060:0.00000,SEQ0000118:0.00000):0.00004):0.01530):0.00864):0.00836):0.00000):0.00000):0.00000):0.00000):0.00000):0.00001):0.00002):0.00003):0.00007,SEQ0000001:-0.00013);
