(SEQ0000029:0.12746,((SEQ0000031:0.10235,SEQ0000039:0.10102):0.01377,
((SEQ0000040:0.13846,(((((SEQ0000026:0.18376,SEQ0000027:0.14181):0.00622,
SEQ0000017:0.12732):0.01974,((SEQ0000037:0.13310,SEQ0000038:0.11250):0.05439,
(((((SEQ0000041:0.00370,((SEQ0000042:0.00000,SEQ0000044:0.00000):0.00000,
SEQ0000043:0.00000):0.00150):0.05180,SEQ0000018:0.05006):0.02405,
SEQ0000019:0.10097):0.03124,SEQ0000020:0.09115):0.02083,
SEQ0000023:0.16374):0.00941):0.00622):0.00664,((((SEQ0000008:0.07555,
SEQ0000009:0.08234):0.02907,((SEQ0000010:0.05932,SEQ0000011:0.07129):0.05099,
((SEQ0000012:0.03484,SEQ0000013:0.03367):0.04945,(SEQ0000014:0.02530,
SEQ0000015:0.02690):0.06545):0.01889):0.02611):0.01554,(SEQ0000016:0.12443,
SEQ0000024:0.14735):0.01231):0.01141,((((((SEQ0000006:0.02887,
SEQ0000007:0.03337):0.03104,SEQ0000005:0.06208):0.00430,
SEQ0000003:0.08502):0.00308,SEQ0000004:0.06878):0.01665,
SEQ0000002:0.06942):0.04912,(SEQ0000025:0.17283,SEQ0000036:0.19573):0.02138):0.02146):0.00533):0.00495,
((((SEQ0000032:0.03639,SEQ0000033:0.04302):0.03509,SEQ0000034:0.05982):0.02419,
SEQ0000035:0.12089):0.03053,SEQ0000028:0.18170):0.00566):0.01007):0.00646,
((SEQ0000021:0.11419,SEQ0000030:0.14523):0.02214,SEQ0000022:0.14441):0.01376):0.04680):0.03773,SEQ0000001:0.23042);
